 73.847017017515
 70.0521774745245
 71.1922022869477
 69.8595879120267
 69.97090361596671
 72.0627549780187
 70.31169434087261
 69.760094789524
 72.2150349075593
 74.216430944514
 66.4241871307394
 70.4713972712467
 64.6866910596959
 68.143078450147
 69.36857658827149
 67.901808661601
 66.9689359230578
 71.6576596011603
 70.6688631861614
 68.2269692542835
 69.21820493846231
 66.6289461179895
 72.2187361478107
 63.7541488655653
 69.8962171082176
 61.0744871038506
 67.5649415946167
 73.0992837673105
 73.3909870598365
 64.1496958890354
 67.7826581132307
 69.4774099201808
 69.885301125946
 66.22251823029779
 71.146705499924
 72.7389699965634
 63.5261937306465
 65.53876847929151
 74.3088869487248
 70.6475141490876
 68.6621442214813
 67.1367592016168
 71.2536148826262
 75.42368655635821
 76.6001829545762
 69.3005304360303
 68.6671579610973
 67.68548994198559
 68.6058472945698
 73.80176657304079
 58.9107320370127
 64.03853748369301
 61.759546496511
 57.3977403653233
 60.1211674783819
 65.5819630301696
 67.48169709213209
 63.8894436057504
 66.258258030821
 60.9495616747468
 65.1748308761764
 62.3754184915593
 64.0569755425466
 62.8282480084833
 60.8342383869735
 69.3584863661227
 64.7623660718552
 60.7160823550811
 63.4641092316783
 63.5164997476628
 62.7049166540007
 66.72763190992229
 60.3990119652801
 59.150511426605
 70.7420859115169
 64.5241474356795
 70.020252714737
 67.1134012949861
 64.5802071176162
 66.1513554095234
 61.7136296930153
 64.4893423963608
 66.6623825967266
 70.3985174035204
 64.5067709553058
 62.022989674241
 63.953573681628
 63.5216877801212
 63.2095836922752
 61.4759039649658
 58.525426460434
 63.007522022665
 63.8250932772937
 62.8835262850901
 67.259531926447
 65.58602867906269
 65.16420168834981
 62.9004839996385
 62.8850630208678
 65.8453163836804