 241.893563180437
 200.818737313254
 196.061529163376
 197.070856157865
 202.863293032098
 208.781853387475
 184.243860348496
 187.812061866277
 204.937760149992
 238.569450876454
 157.288087962353
 198.419138481736
 157.016808620085
 188.145142121778
 187.571057528204
 170.846760280748
 169.392797057265
 204.426255570436
 198.02356346314
 192.451676424637
 189.199501151371
 174.887786513081
 198.388265212198
 156.460632901291
 187.056772431363
 122.680111752611
 156.181339882736
 215.709114395579
 203.513414634719
 153.881377247791
 189.909671216622
 191.76385209845
 185.729441009546
 163.571042147135
 205.764891897379
 187.222908934528
 154.124330818015
 158.703141332814
 210.267888499549
 201.2655905099
 178.085844481126
 182.962242783551
 193.829564444462
 220.757114442976
 239.697207027428
 202.838700722612
 206.515756632978
 178.556922838024
 169.548131726275
 218.979725750831
 102.08832636784
 147.240564000238
 131.022230398974
 106.58756270741
 113.406966734996
 143.541242212163
 170.617082005891
 144.37596784709
 160.530052507513
 114.791401025589
 139.989934059748
 134.870906081511
 139.436196765653
 123.07117587653
 107.281036034548
 181.620926855241
 135.780229475904
 130.647715131428
 134.045732124858
 120.810049058451
 142.78950103101
 162.598816648826
 115.416770678645
 103.998976427179
 180.053865742702
 129.201505959375
 167.312358529085
 165.501254256483
 126.432720526499
 160.767288095629
 118.513012930273
 126.633052479505
 159.482376464725
 167.542411293767
 134.99769033233
 125.507080404148
 145.520358339144
 136.775805341435
 119.880041690307
 142.518795745625
 107.792496451413
 121.582019824345
 128.906812971035
 149.606555366288
 164.172201060228
 125.982888370193
 156.886259983342
 151.557667648506
 128.361153217695
 146.965778467625